                  [38;2;168;158;122m▄[38;2;232;226;196m▄▄[38;2;168;158;122m▄▄[38;2;232;226;196m▄▄[38;2;168;158;122m▄[0m                   
             [38;2;232;226;196m▄[38;2;168;158;122m▄[38;2;232;226;196m[48;2;168;158;122m▀[48;2;232;226;196m▀[38;2;168;158;122m[48;2;206;46;48m▀▀[38;2;232;226;196m▀▀[38;2;168;158;122m▀▀[38;2;232;226;196m▀▀[38;2;168;158;122m▀▀[38;2;232;226;196m[48;2;232;226;196m▀▀[49m[38;2;168;158;122m▄[38;2;232;226;196m▄[0m              
          [38;2;168;158;122m▄[48;2;168;158;122m▀[38;2;232;226;196m▀[48;2;206;46;48m▀[38;2;168;158;122m▀[38;2;206;46;48m[48;2;168;26;30m▀▀▀[38;2;168;26;30m▀[48;2;78;12;16m▀▀▀[48;2;200;150;30m▀[48;2;78;12;16m▀▀[48;2;168;26;30m▀[38;2;206;46;48m▀▀▀[38;2;168;158;122m[48;2;206;46;48m▀[38;2;232;226;196m▀[48;2;232;226;196m▀[38;2;168;158;122m[48;2;168;158;122m▀[49m▄[0m           .----------------------------------.
        [38;2;168;158;122m▄[38;2;232;226;196m[48;2;168;158;122m▀[48;2;206;46;48m▀[38;2;206;46;48m▀[48;2;168;26;30m▀[38;2;168;26;30m▀[48;2;78;12;16m▀▀[38;2;78;12;16m▀▀▀▀▀[38;2;200;150;30m[48;2;200;150;30m▀[48;2;247;220;138m▀[48;2;200;150;30m▀[38;2;78;12;16m[48;2;78;12;16m▀▀▀▀[38;2;168;26;30m▀▀[48;2;168;26;30m▀[38;2;206;46;48m▀[48;2;206;46;48m▀[38;2;232;226;196m▀[48;2;232;226;196m▀[49m[38;2;168;158;122m▄[0m         |                                  |
      [38;2;232;226;196m▄[48;2;232;226;196m▀[38;2;168;158;122m[48;2;206;46;48m▀[38;2;206;46;48m▀[48;2;168;26;30m▀[38;2;168;26;30m▀[48;2;78;12;16m▀[38;2;78;12;16m▀▀▀▀▀▀[48;2;200;150;30m▀[38;2;200;150;30m▀▀▀[38;2;247;220;138m[48;2;247;220;138m▀[38;2;200;150;30m▀[38;2;78;12;16m[48;2;200;150;30m▀[48;2;78;12;16m▀▀▀▀▀[38;2;168;26;30m▀[48;2;168;26;30m▀[38;2;206;46;48m▀[48;2;206;46;48m▀[38;2;168;158;122m▀[38;2;232;226;196m[48;2;232;226;196m▀[49m▄[0m       |  SEALED                          |
     [38;2;168;158;122m▄[48;2;168;158;122m▀[48;2;206;46;48m▀[38;2;206;46;48m[48;2;168;26;30m▀[38;2;168;26;30m▀[48;2;78;12;16m▀[38;2;78;12;16m▀▀▀▀▀▀▀[48;2;200;150;30m▀[38;2;200;150;30m▀▀▀▀[38;2;247;220;138m[48;2;247;220;138m▀▀[38;2;200;150;30m[48;2;200;150;30m▀[38;2;78;12;16m▀[48;2;78;12;16m▀▀▀▀▀▀[38;2;168;26;30m▀[48;2;168;26;30m▀[38;2;206;46;48m▀[38;2;232;226;196m[48;2;206;46;48m▀[38;2;168;158;122m[48;2;168;158;122m▀[49m▄[0m      |                                  |
    [38;2;168;158;122m▄[38;2;232;226;196m[48;2;168;158;122m▀[48;2;206;46;48m▀[38;2;206;46;48m[48;2;168;26;30m▀[38;2;168;26;30m▀[38;2;78;12;16m[48;2;78;12;16m▀▀▀▀▀▀▀▀[38;2;200;150;30m[48;2;200;150;30m▀▀▀▀▀▀▀[38;2;247;220;138m[48;2;247;220;138m▀▀[38;2;200;150;30m[48;2;200;150;30m▀[38;2;78;12;16m[48;2;78;12;16m▀▀▀▀▀▀▀▀[38;2;168;26;30m[48;2;168;26;30m▀[38;2;206;46;48m▀[38;2;232;226;196m[48;2;206;46;48m▀[48;2;232;226;196m▀[49m[38;2;168;158;122m▄[0m     |  tree     c46fd2d                |
    [38;2;168;158;122m[48;2;232;226;196m▀[48;2;206;46;48m▀[38;2;206;46;48m▀[38;2;168;26;30m[48;2;168;26;30m▀[38;2;78;12;16m[48;2;78;12;16m▀▀▀▀▀▀▀▀▀[38;2;200;150;30m▀[48;2;200;150;30m▀▀▀▀▀[48;2;247;220;138m▀[38;2;247;220;138m▀[48;2;200;150;30m▀[38;2;200;150;30m▀[38;2;78;12;16m[48;2;78;12;16m▀▀▀▀▀▀▀▀▀[38;2;168;26;30m[48;2;168;26;30m▀[38;2;206;46;48m[48;2;206;46;48m▀[38;2;168;158;122m▀[48;2;232;226;196m▀[0m     |  base     1e2bed9                |
   [38;2;232;226;196m[48;2;168;158;122m▀▀[38;2;206;46;48m[48;2;206;46;48m▀[38;2;168;26;30m[48;2;168;26;30m▀[48;2;78;12;16m▀[38;2;78;12;16m▀▀[48;2;200;150;30m▀[38;2;200;150;30m▀▀▀▀▀[38;2;78;12;16m▀▀[48;2;78;12;16m▀[38;2;200;150;30m[48;2;200;150;30m▀▀▀▀[38;2;247;220;138m[48;2;247;220;138m▀▀[38;2;200;150;30m[48;2;200;150;30m▀[38;2;78;12;16m▀▀▀[38;2;200;150;30m▀▀[48;2;247;220;138m▀▀[48;2;200;150;30m▀[38;2;78;12;16m▀[48;2;78;12;16m▀[38;2;168;26;30m▀[48;2;168;26;30m▀[38;2;206;46;48m[48;2;206;46;48m▀[38;2;232;226;196m[48;2;168;158;122m▀▀[0m    |                                  |
   [38;2;168;158;122m[48;2;232;226;196m▀▀[38;2;206;46;48m[48;2;206;46;48m▀[38;2;168;26;30m[48;2;168;26;30m▀[38;2;78;12;16m[48;2;78;12;16m▀▀[38;2;200;150;30m[48;2;200;150;30m▀▀▀▀▀[48;2;78;12;16m▀▀▀[48;2;200;150;30m▀▀[38;2;78;12;16m[48;2;78;12;16m▀[38;2;200;150;30m[48;2;200;150;30m▀▀[48;2;247;220;138m▀[38;2;247;220;138m[48;2;200;150;30m▀[38;2;200;150;30m▀[38;2;78;12;16m[48;2;78;12;16m▀[38;2;200;150;30m[48;2;200;150;30m▀▀[48;2;78;12;16m▀▀▀[48;2;200;150;30m▀▀[38;2;247;220;138m▀[48;2;247;220;138m▀[38;2;78;12;16m[48;2;78;12;16m▀▀[38;2;168;26;30m[48;2;168;26;30m▀[38;2;206;46;48m[48;2;206;46;48m▀[38;2;168;158;122m[48;2;232;226;196m▀▀[0m    |  suite    768 passed, 1 skipped  |
   [38;2;232;226;196m[48;2;168;158;122m▀▀[38;2;206;46;48m[48;2;206;46;48m▀[38;2;168;26;30m[48;2;168;26;30m▀[38;2;78;12;16m[48;2;78;12;16m▀▀[38;2;200;150;30m[48;2;200;150;30m▀▀▀▀[38;2;78;12;16m[48;2;78;12;16m▀▀▀▀[38;2;200;150;30m▀[48;2;200;150;30m▀▀[38;2;78;12;16m[48;2;78;12;16m▀[38;2;200;150;30m[48;2;200;150;30m▀▀▀[38;2;78;12;16m[48;2;78;12;16m▀[38;2;200;150;30m[48;2;200;150;30m▀▀[38;2;78;12;16m[48;2;78;12;16m▀▀▀▀▀[38;2;200;150;30m[48;2;200;150;30m▀[48;2;247;220;138m▀[38;2;247;220;138m[48;2;200;150;30m▀[38;2;78;12;16m[48;2;78;12;16m▀▀[38;2;168;26;30m[48;2;168;26;30m▀[38;2;206;46;48m[48;2;206;46;48m▀[38;2;232;226;196m[48;2;168;158;122m▀▀[0m    |  lint     clean                  |
   [38;2;168;158;122m[48;2;232;226;196m▀▀[38;2;206;46;48m[48;2;206;46;48m▀[38;2;168;26;30m[48;2;168;26;30m▀[38;2;78;12;16m▀[48;2;78;12;16m▀▀[38;2;200;150;30m▀[48;2;200;150;30m▀▀▀[38;2;78;12;16m▀▀[38;2;200;150;30m[48;2;78;12;16m▀[38;2;78;12;16m▀▀[38;2;200;150;30m[48;2;140;99;18m▀[38;2;78;12;16m▀[38;2;200;150;30m▀▀[48;2;232;183;60m▀[38;2;78;12;16m▀[38;2;200;150;30m▀[38;2;78;12;16m[48;2;78;12;16m▀▀[38;2;200;150;30m▀[38;2;78;12;16m[48;2;200;150;30m▀▀[38;2;200;150;30m▀▀▀[48;2;78;12;16m▀[38;2;78;12;16m▀[48;2;168;26;30m▀[38;2;168;26;30m▀[38;2;206;46;48m[48;2;206;46;48m▀[38;2;168;158;122m[48;2;232;226;196m▀▀[0m    |  ledger   187 ok . 0 broken      |
    [38;2;232;226;196m[48;2;168;158;122m▀[38;2;206;46;48m▀[48;2;206;46;48m▀[38;2;168;26;30m[48;2;168;26;30m▀[38;2;78;12;16m[48;2;78;12;16m▀▀▀▀▀▀▀▀[48;2;200;150;30m▀[38;2;200;150;30m▀[38;2;140;99;18m[48;2;78;12;16m▀[48;2;200;150;30m▀[48;2;140;99;18m▀[48;2;200;150;30m▀▀▀[48;2;140;99;18m▀[48;2;200;150;30m▀[48;2;78;12;16m▀[38;2;200;150;30m[48;2;200;150;30m▀[38;2;78;12;16m▀[48;2;78;12;16m▀▀▀▀▀▀▀[38;2;168;26;30m[48;2;168;26;30m▀[38;2;206;46;48m[48;2;206;46;48m▀[48;2;168;158;122m▀[38;2;232;226;196m▀[0m     |  chain    exit 0                 |
    [38;2;168;158;122m▀[38;2;232;226;196m[48;2;232;226;196m▀[38;2;206;46;48m▀[38;2;168;26;30m[48;2;206;46;48m▀[48;2;168;26;30m▀[38;2;78;12;16m[48;2;78;12;16m▀▀▀▀▀▀[38;2;200;150;30m[48;2;200;150;30m▀▀▀▀▀[38;2;78;12;16m[48;2;78;12;16m▀[38;2;200;150;30m[48;2;200;150;30m▀▀▀[38;2;78;12;16m[48;2;78;12;16m▀[38;2;200;150;30m[48;2;200;150;30m▀▀▀▀▀[38;2;78;12;16m[48;2;78;12;16m▀▀▀▀▀[38;2;168;26;30m[48;2;168;26;30m▀[48;2;206;46;48m▀[38;2;206;46;48m[48;2;232;226;196m▀[38;2;168;158;122m▀[49m▀[0m     |                                  |
     [38;2;168;158;122m▀[48;2;168;158;122m▀[38;2;206;46;48m[48;2;232;226;196m▀[38;2;168;26;30m[48;2;206;46;48m▀[48;2;168;26;30m▀[38;2;78;12;16m▀[48;2;78;12;16m▀▀▀▀▀[38;2;200;150;30m▀▀[38;2;78;12;16m▀[48;2;200;150;30m▀[38;2;200;150;30m▀▀▀[48;2;247;220;138m▀[48;2;200;150;30m▀[38;2;78;12;16m▀[38;2;200;150;30m[48;2;78;12;16m▀▀▀[38;2;78;12;16m▀▀▀▀[48;2;168;26;30m▀[38;2;168;26;30m▀[48;2;206;46;48m▀[38;2;206;46;48m[48;2;168;158;122m▀[38;2;168;158;122m▀[49m▀[0m      |  rounds   4                      |
      [38;2;232;226;196m▀[48;2;232;226;196m▀[38;2;206;46;48m[48;2;168;158;122m▀[48;2;206;46;48m▀[38;2;168;26;30m▀[48;2;168;26;30m▀[38;2;78;12;16m▀[48;2;78;12;16m▀▀▀▀▀▀[38;2;200;150;30m[48;2;200;150;30m▀▀▀▀[38;2;247;220;138m[48;2;247;220;138m▀[48;2;200;150;30m▀[38;2;200;150;30m▀[38;2;78;12;16m[48;2;78;12;16m▀▀▀▀▀[48;2;168;26;30m▀[38;2;168;26;30m▀[48;2;206;46;48m▀[38;2;206;46;48m▀[48;2;168;158;122m▀[38;2;232;226;196m[48;2;232;226;196m▀[49m▀[0m       |                                  |
        [38;2;168;158;122m▀[38;2;232;226;196m[48;2;232;226;196m▀[38;2;206;46;48m▀[48;2;206;46;48m▀[38;2;168;26;30m▀[48;2;168;26;30m▀[38;2;78;12;16m▀▀[48;2;78;12;16m▀▀▀▀[38;2;200;150;30m▀[48;2;200;150;30m▀[38;2;247;220;138m▀[38;2;200;150;30m▀[48;2;78;12;16m▀[38;2;78;12;16m▀▀▀[48;2;168;26;30m▀▀[38;2;168;26;30m▀[48;2;206;46;48m▀[38;2;206;46;48m▀[48;2;232;226;196m▀[38;2;168;158;122m▀[49m▀[0m         '----------------------------------'
          [38;2;168;158;122m▀[48;2;168;158;122m▀[38;2;232;226;196m[48;2;232;226;196m▀[38;2;206;46;48m▀[48;2;168;158;122m▀[38;2;168;26;30m[48;2;206;46;48m▀▀▀[48;2;168;26;30m▀[38;2;78;12;16m▀▀▀▀▀▀[38;2;168;26;30m▀[48;2;206;46;48m▀▀▀[38;2;206;46;48m[48;2;168;158;122m▀[48;2;232;226;196m▀[38;2;168;158;122m▀[48;2;168;158;122m▀[49m▀[0m           
             [38;2;232;226;196m▀[38;2;168;158;122m▀[38;2;232;226;196m[48;2;232;226;196m▀▀[38;2;206;46;48m[48;2;168;158;122m▀▀[48;2;232;226;196m▀▀[48;2;168;158;122m▀▀[48;2;232;226;196m▀▀[48;2;168;158;122m▀▀[38;2;232;226;196m[48;2;232;226;196m▀[38;2;168;158;122m▀[49m▀[38;2;232;226;196m▀[0m              
                  [38;2;168;158;122m▀[38;2;232;226;196m▀▀[38;2;168;158;122m▀▀[38;2;232;226;196m▀▀[38;2;168;158;122m▀[0m                   
