[38;2;215;215;175;48;2;215;215;175m▀[48;2;255;255;215m                                                                    [0m
[38;2;215;215;175;48;2;215;215;175m▀[48;2;255;255;215m   [38;2;175;0;0mSEALED                                     [38;2;255;255;215;48;2;150;24;28m▀▀▀[38;2;150;24;28;48;2;208;68;64m▀▀▀▀▀▀[38;2;255;255;215;48;2;150;24;28m▀▀▀[48;2;255;255;215m          [0m
[38;2;215;215;175;48;2;215;215;175m▀[48;2;255;255;215m   [38;2;135;95;0mtree     aaa1111a                       [38;2;255;255;215;48;2;150;24;28m▀[38;2;150;24;28m▀[48;2;208;68;64m▀[38;2;208;68;64m▀▀▀[48;2;96;10;14m▀▀▀▀▀▀[48;2;208;68;64m▀▀[48;2;160;30;34m▀[38;2;150;24;28m▀[48;2;150;24;28m▀[38;2;255;255;215m▀[48;2;255;255;215m       [0m
[38;2;215;215;175;48;2;215;215;175m▀[48;2;255;255;215m            [38;2;135;95;0mfeat/12-the-branch-n...      [38;2;255;255;215;48;2;150;24;28m▀[38;2;150;24;28;48;2;208;68;64m▀[38;2;208;68;64m▀▀[48;2;96;10;14m▀▀[38;2;96;10;14;48;2;112;16;20m▀[48;2;222;86;78m▀▀[38;2;222;86;78;48;2;90;8;12m▀[48;2;84;8;12m▀▀[48;2;186;38;42m▀[38;2;96;10;14m▀▀[48;2;90;8;12m▀[38;2;160;30;34;48;2;96;10;14m▀▀[48;2;160;30;34m▀▀[38;2;150;24;28m▀[38;2;255;255;215;48;2;150;24;28m▀[48;2;255;255;215m     [0m
[38;2;215;215;175;48;2;215;215;175m▀[48;2;255;255;215m   [38;2;135;95;0mbase     bbb2222b                    [38;2;150;24;28;48;2;150;24;28m▀[48;2;208;68;64m▀[38;2;208;68;64m▀[48;2;96;10;14m▀[38;2;96;10;14m▀[48;2;112;16;20m▀[38;2;112;16;20m▀[38;2;222;86;78;48;2;222;86;78m▀[48;2;186;38;42m▀[38;2;186;38;42m▀[38;2;84;8;12m▀[48;2;112;16;20m▀[38;2;112;16;20m▀▀[38;2;90;8;12m▀[48;2;84;8;12m▀▀[38;2;84;8;12m▀[38;2;96;10;14;48;2;112;16;20m▀[38;2;208;68;64;48;2;208;68;64m▀[38;2;160;30;34m▀[48;2;160;30;34m▀[38;2;150;24;28m▀[48;2;150;24;28m▀[48;2;255;255;215m    [0m
[38;2;215;215;175;48;2;215;215;175m▀[48;2;255;255;215m            [38;2;135;95;0morigin/release/v1.2.3      [38;2;150;24;28;48;2;150;24;28m▀[38;2;208;68;64;48;2;208;68;64m▀▀[48;2;96;10;14m▀[38;2;96;10;14;48;2;112;16;20m▀[38;2;112;16;20m▀▀▀[38;2;222;86;78m▀[38;2;186;38;42;48;2;186;38;42m▀▀▀▀[38;2;112;16;20m▀[48;2;222;86;78m▀[48;2;112;16;20m▀▀▀▀▀▀[38;2;208;68;64m▀[38;2;160;30;34;48;2;208;68;64m▀[48;2;96;10;14m▀[38;2;96;10;14m▀[38;2;150;24;28;48;2;150;24;28m▀[48;2;255;255;215m   [0m
[38;2;215;215;175;48;2;215;215;175m▀[48;2;255;255;215m   [38;2;135;95;0mitem     #12 . 1799000000          [38;2;255;255;215;48;2;150;24;28m▀[38;2;150;24;28;48;2;208;68;64m▀[38;2;208;68;64m▀[48;2;96;10;14m▀[38;2;96;10;14m▀[38;2;112;16;20;48;2;112;16;20m▀▀▀▀▀[48;2;222;86;78m▀[38;2;90;8;12m▀[48;2;84;8;12m▀[38;2;186;38;42m▀[48;2;90;8;12m▀[48;2;186;38;42m▀▀[38;2;222;86;78m▀[38;2;112;16;20;48;2;90;8;12m▀[48;2;112;16;20m▀▀▀▀[38;2;208;68;64;48;2;208;68;64m▀[38;2;96;10;14m▀[48;2;96;10;14m▀[38;2;150;24;28m▀[38;2;255;255;215;48;2;150;24;28m▀[48;2;255;255;215m  [0m
[38;2;215;215;175;48;2;215;215;175m▀[48;2;255;255;215m   [38;2;135;95;0mgate     tree 1.2.3                [38;2;150;24;28;48;2;150;24;28m▀[38;2;208;68;64;48;2;208;68;64m▀▀[38;2;96;10;14;48;2;96;10;14m▀[38;2;112;16;20;48;2;112;16;20m▀▀▀▀▀[38;2;222;86;78;48;2;222;86;78m▀[48;2;186;38;42m▀[38;2;90;8;12;48;2;90;8;12m▀[38;2;84;8;12;48;2;84;8;12m▀[38;2;112;16;20;48;2;112;16;20m▀▀[38;2;84;8;12m▀[38;2;186;38;42;48;2;222;86;78m▀[48;2;186;38;42m▀[38;2;90;8;12;48;2;90;8;12m▀[38;2;84;8;12;48;2;84;8;12m▀[38;2;112;16;20;48;2;112;16;20m▀▀▀▀[38;2;208;68;64;48;2;208;68;64m▀[38;2;96;10;14;48;2;96;10;14m▀▀[38;2;150;24;28;48;2;150;24;28m▀[48;2;255;255;215m  [0m
[38;2;215;215;175;48;2;215;215;175m▀[48;2;255;255;215m   [38;2;135;95;0msuite    6621 passed, 11 skipped   [38;2;150;24;28;48;2;150;24;28m▀[38;2;208;68;64;48;2;208;68;64m▀▀[38;2;96;10;14;48;2;96;10;14m▀[38;2;112;16;20;48;2;112;16;20m▀▀▀▀▀[38;2;222;86;78;48;2;222;86;78m▀[38;2;186;38;42;48;2;186;38;42m▀▀[38;2;84;8;12m▀[38;2;112;16;20;48;2;222;86;78m▀[48;2;112;16;20m▀▀[38;2;222;86;78;48;2;222;86;78m▀[38;2;90;8;12;48;2;90;8;12m▀[48;2;84;8;12m▀[38;2;84;8;12m▀[38;2;112;16;20;48;2;112;16;20m▀▀▀▀[38;2;208;68;64;48;2;208;68;64m▀[38;2;96;10;14;48;2;96;10;14m▀▀[38;2;150;24;28;48;2;150;24;28m▀[48;2;255;255;215m  [0m
[38;2;215;215;175;48;2;215;215;175m▀[48;2;255;255;215m            [38;2;135;95;0mexit 0                    [38;2;150;24;28m▀[38;2;208;68;64;48;2;150;24;28m▀[48;2;208;68;64m▀[38;2;96;10;14m▀[48;2;96;10;14m▀[38;2;112;16;20;48;2;112;16;20m▀▀▀▀▀[38;2;90;8;12m▀[38;2;186;38;42;48;2;84;8;12m▀[48;2;90;8;12m▀[48;2;186;38;42m▀▀[38;2;222;86;78m▀▀[38;2;84;8;12;48;2;90;8;12m▀[48;2;112;16;20m▀[38;2;112;16;20m▀▀▀▀[38;2;208;68;64;48;2;208;68;64m▀[48;2;96;10;14m▀[38;2;96;10;14m▀[48;2;150;24;28m▀[38;2;150;24;28;48;2;255;255;215m▀  [0m
[38;2;215;215;175;48;2;215;215;175m▀[48;2;255;255;215m   [38;2;135;95;0mledger   3451 ok                    [38;2;150;24;28;48;2;150;24;28m▀[38;2;208;68;64;48;2;208;68;64m▀[48;2;160;30;34m▀[38;2;96;10;14m▀[38;2;112;16;20;48;2;96;10;14m▀[48;2;112;16;20m▀▀▀▀[48;2;222;86;78m▀[48;2;112;16;20m▀▀[38;2;84;8;12m▀[38;2;186;38;42m▀[48;2;186;38;42m▀▀[48;2;90;8;12m▀[38;2;84;8;12m▀[38;2;112;16;20;48;2;112;16;20m▀▀▀[48;2;208;68;64m▀[38;2;208;68;64;48;2;96;10;14m▀[38;2;96;10;14m▀▀[38;2;150;24;28;48;2;150;24;28m▀[48;2;255;255;215m   [0m
[38;2;215;215;175;48;2;215;215;175m▀[48;2;255;255;215m            [38;2;135;95;0m0 drifted . 0 broken        [38;2;150;24;28;48;2;150;24;28m▀[38;2;160;30;34m▀[48;2;160;30;34m▀[38;2;96;10;14m▀[48;2;208;68;64m▀[38;2;112;16;20m▀[48;2;112;16;20m▀[38;2;222;86;78;48;2;222;86;78m▀[48;2;186;38;42m▀[38;2;90;8;12m▀[38;2;112;16;20;48;2;84;8;12m▀[48;2;112;16;20m▀▀[48;2;222;86;78m▀[38;2;186;38;42m▀[38;2;90;8;12;48;2;90;8;12m▀[38;2;84;8;12;48;2;84;8;12m▀[48;2;112;16;20m▀[38;2;112;16;20;48;2;208;68;64m▀[38;2;208;68;64m▀[48;2;96;10;14m▀[38;2;96;10;14m▀[48;2;150;24;28m▀[38;2;150;24;28m▀[48;2;255;255;215m    [0m
[38;2;215;215;175;48;2;215;215;175m▀[48;2;255;255;215m   [38;2;135;95;0mchain    exit 0                       [38;2;150;24;28m▀[38;2;160;30;34;48;2;150;24;28m▀[48;2;160;30;34m▀▀[38;2;208;68;64m▀▀[38;2;112;16;20;48;2;208;68;64m▀[38;2;90;8;12m▀▀[48;2;84;8;12m▀[38;2;222;86;78m▀▀▀[38;2;90;8;12;48;2;208;68;64m▀[38;2;84;8;12m▀▀[38;2;208;68;64;48;2;96;10;14m▀▀[38;2;96;10;14m▀▀[48;2;150;24;28m▀[38;2;150;24;28;48;2;255;255;215m▀     [0m
[38;2;215;215;175;48;2;215;215;175m▀[48;2;255;255;215m   [38;2;135;95;0mworkflow 4 of 9 not answered            [38;2;150;24;28m▀[48;2;150;24;28m▀[38;2;160;30;34m▀[48;2;96;10;14m▀[38;2;96;10;14m▀▀[38;2;208;68;64m▀▀▀▀▀▀[38;2;96;10;14m▀▀▀[48;2;150;24;28m▀[38;2;150;24;28m▀[48;2;255;255;215m▀       [0m
[38;2;215;215;175;48;2;215;215;175m▀[48;2;255;255;215m   [38;2;135;95;0mrounds   2                                 [38;2;150;24;28m▀▀▀[38;2;96;10;14;48;2;150;24;28m▀▀▀▀▀▀[38;2;150;24;28;48;2;255;255;215m▀▀▀          [0m
[38;2;215;215;175;48;2;215;215;175m▀[48;2;255;255;215m                                                                    [0m
